103674972280907321
563448841663774312
+
667123813944681633

507280364393352629
485988818261018939
+
993269182654371568

935442647191434518
596106984433365038
+
1531549631624799556

985598222153239326
799536516565255411
+
1785134738718494737

611406914780552461
624650979307014857
+
1236057894087567318

693165393220559458
905641094988818663
+
1598806488209378121

878378977271968510
131937538520545804
+
1010316515792514314

417882936659673897
493629438846677924
+
911512375506351821

163052666592465146
932973492222146585
+
1096026158814611731

647904873790458237
487725553324350517
+
1135630427114808754

885441489076258012
457306347194469946
+
1342747836270727958

94238558766844347
984465044486849450
+
1078703603253693797

828611746357749112
539010995257427562
+
1367622741615176674

144900442058739294
315777623051484983
+
460678065110224277

511013404230032889
943568347425507717
+
1454581751655540606

384757622752918869
983143643849787629
+
1367901266602706498

319142940413831532
80719005324875868
+
399861945738707400

881797788231726577
213635866855737922
+
1095433655087464499

941250651793676274
601715027734114518
+
1542965679527790792

477300469912849774
352597849008919126
+
829898318921768900

777475358724681009
229186670306880868
+
1006662029031561877

246724203737326252
328354699666350137
+
575078903403676389

214116767215706324
340766252590562081
+
554883019806268405

559744956905405655
83059446356102038
+
642804403261507693

981325461838481266
604652409906828188
+
1585977871745309454

555370715564917481
984631733733824954
+
1540002449298742435

556775990964200652
507104471387927857
+
1063880462352128509

131135792471149867
988272944836728244
+
1119408737307878111

39825138839226050
397796493523370413
+
437621632362596463

905261762025735735
414294137620739350
+
1319555899646475085

285404544093347128
625429092043982804
+
910833636137329932

198743673343749382
732898283234210329
+
931641956577959711

507553754824307234
377427721928689230
+
884981476752996464

542077601794639877
997856953861054063
+
1539934555655693940

680828416427889051
715400752995740912
+
1396229169423629963

80144378872678047
269058660410336121
+
349203039283014168

410167495481172754
731603857630172272
+
1141771353111345026

129195820138236967
260278123114684346
+
389473943252921313

89192030617835088
507334592968825404
+
596526623586660492

459343230707263598
447292340527739342
+
906635571235002940

972969819957906331
293487226957430797
+
1266457046915337128

110649747550172967
757834299630764717
+
868484047180937684

286068425764604966
634827330694961130
+
920895756459566096

198913907020337825
837580302844086505
+
1036494209864424330

617268421386552233
283702247815642115
+
900970669202194348

972440672640226399
882558386287889776
+
1854999058928116175

660274109680129471
854705111974436114
+
1514979221654565585

2988681409643014
72595295185214275
+
75583976594857289

602775022720658839
679843219533016154
+
1282618242253674993

915858909916736333
688512227387745354
+
1604371137304481687

56155027739271337
884936421967051645
-
-828781394227780308

972325511059107303
498950645930859579
-
473374865128247724

956287915431855429
746273101737790191
-
210014813694065238

881337412943336981
592502305247789865
-
288835107695547116

226594722239637852
441116393548393434
-
-214521671308755582

946666859976516221
375173335890687470
-
571493524085828751

9024138043779006
540113241667465897
-
-531089103623686891

205885138327701993
326823031198051413
-
-120937892870349420

328209821050001246
811969844983787326
-
-483760023933786080

635827348720082174
162767430921066830
-
473059917799015344

625092871442668815
295565923850924269
-
329526947591744546

506661916482918869
401324983017112961
-
105336933465805908

959081499669307978
485334737030462929
-
473746762638845049

746200084537196747
456142112517957853
-
290057972019238894

246831497616835177
74243240432071346
-
172588257184763831

818069340296343358
303060379567283339
-
515008960729060019

466438376104454945
790425594396628089
-
-323987218292173144

721217120028553531
812984764747789060
-
-91767644719235529

158549616352220822
80713247215815363
-
77836369136405459

707029516478400571
955580938400383737
-
-248551421921983166

52601302073382966
766067222270733603
-
-713465920197350637

371715709969977981
992143438199265329
-
-620427728229287348

709911353110531517
499929133215024380
-
209982219895507137

858240040561475835
19029734717722549
-
839210305843753286

571318451107915440
233056011849799850
-
338262439258115590

394364281369225951
222260612532821587
-
172103668836404364

186128083861532761
35079104392136416
-
151048979469396345

396231518709920415
502300392034884
-
395729218317885531

216998507174309285
736269813829177116
-
-519271306654867831

917503131217846245
935678964972540507
-
-18175833754694262

930717858622705447
405913391678442410
-
524804466944263037

861710780920554489
667483888475004719
-
194226892445549770

750645469721802854
465266736320340835
-
285378733401462019

272339866374792775
110110294922585873
-
162229571452206902

192450917671083183
819528822260761919
-
-627077904589678736

469620780885500941
282110621267366782
-
187510159618134159

915582648886053716
361732199952449340
-
553850448933604376

645508874120748651
841175242748552668
-
-195666368627804017

942188213243228532
790082907904912862
-
152105305338315670

490518254706048385
679275032796441328
-
-188756778090392943

839871741798561150
538449914518052447
-
301421827280508703

808221013695316069
64433383563423990
-
743787630131892079

6678702239534626
632393808904404287
-
-625715106664869661

24789296464646233
760354865340237498
-
-735565568875591265

888840906437355905
504776027624003009
-
384064878813352896

282886005442848925
339150129305565454
-
-56264123862716529

534338945717109973
626356122537826326
-
-92017176820716353

744965617367576966
312005983582311242
-
432959633785265724

78231041787322499
818515628061320876
-
-740284586273998377

69433468754042275
147183995867835839
-
-77750527113793564

436008997382275490
356172
*
155294196615639825824280

600672876658680293
293071
*
176039800635236092149803

286042328932411144
58261
*
16665112125931205660584

251275544959816966
335246
*
84239121345598798583636

153671895260878752
353886
*
54382332326291338030272

604113943552649680
423572
*
255885751298482930256960

657697411083158584
94060
*
61863018486481896411040

647254341537276621
421121
*
272572395562519467912141

447089981677470150
760131
*
339846954862477062589650

985401552642781792
350718
*
345598061739771144526656

616402323862555979
938764
*
578656311158508501069956

981832147280938570
246932
*
242445775792376722967240

80789656426854365
717599
*
57974576662254265469635

752553824040071831
842818
*
634265908869805260459758

769327456704393685
444349
*
341849886059140629536065

550157130533602365
762984
*
419761088083050066857160

197469790484650564
507402
*
100196566631492665474728

615260526090590270
991267
*
609887455916241145172090

785927365650539296
274747
*
215931185930388719958112

923755377069135175
779557
*
720119970481883809617475

733446474542820143
508137
*
372691291234764999003591

94183119077780815
554912
*
52263342973689507613280

508187438667731389
309024
*
157042115046857024754336

324562998023481168
459964
*
149287294822872491957952

424931815004540700
689877
*
293150685739887524493900

611891793694187879
266542
*
163094862474836225644418

195914378619678030
133271
*
26109705153023110736130

121249425705140888
396051
*
48020956299946753833288

852293290719206171
587933
*
501091351292415041734543

241615273779681675
592984
*
143273991506970758368200

780241058074805334
945556
*
737761613908980632395704

632555529468894085
740805
*
468600299008204082638425

822768108158817833
353832
*
291121685246050831486056

116458772133885371
211726
*
24657349988819014060346

570907943832114312
2125
*
1213179380643242913000

729650104689340130
881223
*
642984454204654377378990

222338376261543261
954304
*
212178401819895780145344

975063154720573031
974628
*
950323852359002652057468

513392421311374932
23824
*
12231061045322196379968

89558964533342392
486354
*
43557360636649205718768

637485245650195955
809139
*
515814174180153904832745

583359337290370943
791522
*
461741749370748989545246

815466344914170949
561626
*
457987101428766173403074

739310428411239775
988326
*
730679718469966961866650

555782242650169845
178868
*
99411658178350579835460

271730422739262009
795239
*
216090629648747980775151

259042032889823640
519991
*
134699525724412284387240

875073288836446675
219489
*
192068961093422844249075

98546734898436240
647838
*
63842319643133136849120

839396316166006533
861684
*
723294375299189173381572

165014782138596717
231615583272019937
/
0

830999020667841575
691859663290743460
/
1

437145388171938996
870561016100253484
/
0

947898398422795224
587816920951750989
/
1

637906714214564449
979835858703400125
/
0

411969096092944081
775847340809194010
/
0

319595570104056035
725039694503647519
/
0

554057093128085489
743117965971449368
/
0

283503897659439730
471675656621331837
/
0

949342790655557275
688646382033718399
/
1

480891663674077199
573095083608808469
/
0

32131565306384379
862558538879822071
/
0

152535669586720287
280199069202656426
/
0

178491983901585639
287842211437432017
/
0

491575477599859197
246932082316492664
/
1

243852357032165835
224975419670306221
/
1

283722953000736951
948732154872060709
/
0

681429854516873030
412232501894839179
/
1

725413181762579787
292906553065613327
/
2

160032724497734474
631006350061515265
/
0

515552503627734688
184872668026629414
/
2

719538598561427734
980322701112327556
/
0

338518979325523496
524637080486939788
/
0

265298206348680821
138828551444982013
/
1

601239562064577439
490847720910254069
/
1

278672171252497327
619728018506047468
/
0

861536676705137012
846733914621858976
/
1

686299108844774142
106727170453798890
/
6

467550597629277143
799734612900850486
/
0

14484829063789336
301831801024083166
/
0

522975102035879645
444574340816729608
/
1

922811391842587839
745918194145560109
/
1

125426795117612650
363742933276700465
/
0

19841362787187422
237874219987002920
/
0

519746515952378626
89978765474098746
/
5

9906518330250431
563941465878507828
/
0

671911833581022165
359052070188921093
/
1

175184405850545271
131825289093050871
/
1

102387096568033508
665727905713418882
/
0

664502842453625296
986829068256721219
/
0

851985204306890960
623594595881140358
/
1

377711162876250614
666968161638829008
/
0

341823086168883148
313263377585067237
/
1

520400431232280415
912667511764540517
/
0

375822942142305786
533778393817167649
/
0

116655477240834522
43848392832503193
/
2

509671610888604402
900118332069191857
/
0

700857123617240676
635470256605321343
/
1

173631026949076571
564963332906964189
/
0

602625182013714272
112445933163915410
/
5

178449327768815517
146262359655186761
%
32186968113628756

712967837730077461
392881492663729028
%
320086345066348433

95537069469813951
346953358201131104
%
95537069469813951

886992460833177293
442780432455021812
%
1431595923133669

126675213623209730
503650250183809537
%
126675213623209730

93646878252974932
825294290763115239
%
93646878252974932

113204409215339267
736649762742759642
%
113204409215339267

875770976773949825
42079605631130958
%
34178864151330665

75993476877536015
104376704833278082
%
75993476877536015

82119972261917730
208110957909235304
%
82119972261917730

778521016433159640
741292320591870690
%
37228695841288950

267177797542872740
772577110807540655
%
267177797542872740

824609167192090532
75375459082313330
%
70854576368957232

136298115108045131
266978251321636682
%
136298115108045131

336641564635661174
119161089479591756
%
98319385676477662

210947329440966347
250466003103374188
%
210947329440966347

397844040080858869
950611957640984104
%
397844040080858869

593128702997793296
361688054674104646
%
231440648323688650

284931643936592255
591953408691095504
%
284931643936592255

380768771065562999
853919227577890807
%
380768771065562999

259752424687256355
765540099670785012
%
259752424687256355

604907317176400857
805150676881908267
%
604907317176400857

970371056471469989
348479251814330448
%
273412552842809093

888553483987747221
291752039561582386
%
13297365303000063

675969782368648320
448775810657930209
%
227193971710718111

37212344203808596
111781315209462327
%
37212344203808596

816314989698782105
254871718750054213
%
51699833448619466

149512469754447048
821895045015050052
%
149512469754447048

704917719159342259
319655518182749888
%
65606682793842483

836058947137932533
852747925474460110
%
836058947137932533

586235107764946701
688182416235776440
%
586235107764946701

782868309390324797
944552058410298140
%
782868309390324797

44994134962102070
834128753016452359
%
44994134962102070

389542310047463930
893202976273997780
%
389542310047463930

527310659423076954
582722288428602320
%
527310659423076954

859098879258665813
586222784126296396
%
272876095132369417

700312436301955434
302791025754022019
%
94730384793911396

932125413565658203
305945921555625485
%
14287648898781748

35799630162071358
477945615061235828
%
35799630162071358

551865017088182575
261368280032124171
%
29128457023934233

147539554783884586
677174578424519887
%
147539554783884586

839528773256877832
135798089662545152
%
24740235281606920

616593421077547331
487217063792600557
%
129376357284946774

428308831725924049
544840451948437856
%
428308831725924049

90925539615262128
343071410211081777
%
90925539615262128

533735937602173078
328944275705422748
%
204791661896750330

141170424572059532
170744788797171504
%
141170424572059532

208725985888897707
280966346296833572
%
208725985888897707

782868988133265605
230763166388801304
%
90579488966861693

833904453635538908
691582764049461126
%
142321689586077782

